11-03-2018	15	21	24	32	65	11	03
10-31-2018	07	25	39	40	47	20	03
10-27-2018	08	12	13	19	27	04	03
10-24-2018	03	21	45	53	56	22	02
10-20-2018	16	54	57	62	69	23	02
10-17-2018	03	57	64	68	69	15	03
10-13-2018	11	14	32	43	65	15	03
10-10-2018	08	23	27	42	60	07	03
10-06-2018	01	22	27	53	67	15	03
10-03-2018	41	53	59	63	66	03	03
09-29-2018	09	17	34	59	64	22	02
09-26-2018	01	02	07	30	50	08	05
09-22-2018	24	61	63	64	69	18	05
09-19-2018	04	39	48	50	51	11	03
09-15-2018	02	18	19	24	34	03	03
09-12-2018	06	28	48	63	64	24	02
09-08-2018	03	13	20	32	33	21	03
09-05-2018	06	15	50	59	60	13	02
09-01-2018	11	54	55	61	66	09	03
08-29-2018	25	41	53	57	67	12	02
08-25-2018	20	25	54	57	63	08	02
08-22-2018	01	07	45	47	69	13	02
08-18-2018	24	34	52	61	67	16	03
08-15-2018	12	15	28	47	48	16	02
08-11-2018	05	43	56	62	68	24	02
08-08-2018	10	21	30	43	63	17	02
08-04-2018	03	11	38	44	58	02	04
08-01-2018	05	22	32	38	58	26	02
07-28-2018	22	27	46	56	65	13	02
07-25-2018	02	18	41	44	64	26	02
07-21-2018	09	23	56	58	68	01	02
07-18-2018	01	10	27	28	36	12	02
07-14-2018	22	41	42	49	67	11	03
07-11-2018	19	21	27	46	47	07	04
07-07-2018	01	10	43	45	64	22	03
07-04-2018	04	07	15	41	44	10	02
06-30-2018	03	09	20	42	61	24	02
06-27-2018	07	28	37	62	63	15	02
06-23-2018	16	29	43	45	56	25	02
06-20-2018	04	14	23	27	56	13	02
06-16-2018	09	45	57	58	65	09	02
06-13-2018	13	20	38	45	55	01	02
06-09-2018	06	10	15	25	36	14	03
06-06-2018	23	28	41	53	56	14	03
06-02-2018	23	25	37	44	64	07	04
05-30-2018	17	23	26	46	68	20	02
05-26-2018	01	21	31	45	49	21	02
05-23-2018	20	54	56	61	64	07	04
05-19-2018	03	06	09	17	56	25	03
05-16-2018	17	19	21	22	51	19	02
05-12-2018	22	42	45	55	56	14	03
05-09-2018	11	16	38	50	69	19	02
05-05-2018	14	29	36	57	61	17	04
05-02-2018	05	14	31	40	50	06	02
04-28-2018	20	22	28	45	50	08	05
04-25-2018	17	18	39	56	64	12	03
04-21-2018	40	50	54	62	69	19	02
04-18-2018	09	10	12	17	23	09	02
04-14-2018	17	19	26	61	62	15	02
04-11-2018	16	18	27	55	67	18	03
04-07-2018	02	17	20	38	39	20	02
04-04-2018	08	24	42	54	64	24	04
03-31-2018	08	24	52	55	61	21	03
03-28-2018	06	08	26	52	53	21	02
03-24-2018	10	33	45	53	56	24	03
03-21-2018	03	04	18	29	61	25	02
03-17-2018	22	57	59	60	66	07	02
03-14-2018	06	12	24	41	68	09	03
03-10-2018	43	44	54	61	69	22	03
03-07-2018	06	13	19	36	51	18	02
03-03-2018	13	17	25	36	40	05	02
02-28-2018	12	30	59	65	69	16	05
02-24-2018	24	25	38	62	63	06	02
02-21-2018	07	15	31	34	36	08	03
02-17-2018	13	26	39	44	62	02	03
02-10-2018	01	13	27	41	59	20	05
02-07-2018	23	34	35	40	47	10	02
02-03-2018	15	23	27	48	53	06	02
01-31-2018	04	07	14	46	59	22	10
01-27-2018	17	21	26	47	54	07	02
01-24-2018	05	09	11	33	64	21	03
01-20-2018	26	28	47	49	58	03	04
01-17-2018	03	33	37	51	57	21	02
01-13-2018	14	25	35	58	69	24	02
01-10-2018	07	24	33	49	50	04	05
01-06-2018	12	29	30	33	61	26	03
01/03/2018  42  39  18  02  37  12  3
12/30/2017  58  28  51  41  36  24  2
12/27/2017  16  60  03  56  09  03  3
12/23/2017  44  15  01  13  03  25  2
12/20/2017  20  61  64  01  69  20  2
12/16/2017  35  63  37  09  50  11  2
12/13/2017  02  28  51  58  24  07  3
12/09/2017  36  60  55  37  25  06  5
12/06/2017  50  19  55  62  20  09  2
12/02/2017  32  30  36  28  58  06  3
11/29/2017  59  28  26  24  63  16  3
11/25/2017  53  08  54  27  13  04  2
11/22/2017  61  51  37  46  35  13  2
11/18/2017  17  31  28  32  39  26  3
11/15/2017  48  32  44  50  23  25  2
11/11/2017  56  06  04  30  16  18  2
11/08/2017  12  21  14  34  20  22  2
11/04/2017  51  48  12  26  14  13  3
11/01/2017  26  03  19  06  44  01  2
10/28/2017  35  27  57  66  38  10  2
10/25/2017  57  54  29  22  18  08  3
10/21/2017  14  45  69  41  42  04  2
10/18/2017  69  54  49  30  66  08  2
10/14/2017  56  37  69  32  66  11  3
10/11/2017  01  69  19  03  13  23  2
10/07/2017  61  10  49  65  63  07  2
10/04/2017  23  63  62  66  22  24  2
09/30/2017  08  25  12  41  64  15  3
09/27/2017  21  25  10  23  08  22  3
09/23/2017  45  24  56  55  57  19  2
09/20/2017  68  48  67  39  53  26  3
09/16/2017  31  24  25  17  18  24  2
09/13/2017  24  63  35  57  17  19  3
09/09/2017  59  20  06  57  29  22  2
09/06/2017  32  14  08  58  67  17  3
09/02/2017  62  41  21  52  06  26  2
08/30/2017  43  19  69  28  67  07  2
08/26/2017  66  15  07  38  32  15  2
08/23/2017  07  26  16  23  06  04  4  
08/19/2017  17  19  39  43  68  13  4
08/16/2017  09  15  43  60  64  04  3
08/12/2017  35  20  49  26  24  19  2
08/09/2017  12  30  47  62  36  09  4
08/05/2017  33  21  45  11  28  11  2
08/02/2017  16  01  54  63  69  18  3
07/29/2017  01  40  28  48  45  12  2
07/26/2017  19  42  21  07  69  12  2
07/22/2017  44  32  60  05  53  09  3
07/19/2017  63  51  59  61  50  04  5
07/15/2017  40  66  09  64  63  17  2
07/12/2017  18  23  02  61  01  09  2
07/08/2017  29  08  40  59  10  26  2
07/05/2017  54  09  68  04  16  21  2
07/01/2017  45  19  42  53  48  16  3
06/28/2017  46  37  29  53  68  08  2
06/24/2017  36  32  22  58  10  10  4
06/21/2017  65  14  46  68  61  13  2
06/17/2017  13  62  10  53  32  21  2
06/14/2017  63  22  05  43  57  24  2
06/10/2017  32  26  20  38  58  03  2
06/07/2017  66  57  05  69  21  13  3
06/03/2017  54  41  09  03  21  25  4
05/31/2017  60  39  33  04  46  06  2
05/27/2017  55  10  05  67  28  09  3
05/24/2017  38  28  33  32  62  15  2
05/20/2017  45  05  47  54  22  03  2
05/17/2017  39  04  48  45  11  09  3
05/13/2017  68  17  20  63  32  19  5
05/10/2017  62  31  56  46  29  08  2
05/06/2017  31  21  11  41  59  21  3
05/03/2017  18  49  66  17  59  09  2
04/29/2017  24  22  23  62  45  05  2
04/26/2017  18  01  51  15  26  26  4
04/22/2017  39  21  48  41  63  06  3
04/19/2017  01  19  52  40  37  15  3
04/15/2017  61  26  45  05  22  13  3
04/12/2017  68  63  14  08  61  24  2
04/08/2017  51  53  36  23  60  15  2
04/05/2017  53  20  54  46  08  13  2
04/01/2017  65  09  44  36  32  01  3
03/29/2017  08  62  31  36  15  11  3
03/25/2017  32  18  31  48  45  16  4
03/22/2017  02  29  09  27  42  09  2
03/18/2017  25  67  54  44  13  05  3
03/15/2017  30  16  41  48  53  16  3
03/11/2017  57  41  50  26  01  11  2
03/08/2017  42  23  59  46  33  04  2
03/04/2017  02  22  63  19  18  19  3
03/01/2017  16  10  52  40  55  17  10
02/25/2017  06  62  32  47  65  19  2
02/22/2017  52  10  61  28  13  02  2
02/18/2017  09  03  33  07  31  20  3
02/15/2017  33  05  42  38  28  19  2
02/11/2017  37  64  17  09  05  02  2
02/08/2017  49  20  42  14  66  05  2
02/04/2017  52  17  16  13  06  25  3
02/01/2017  09  60  64  43  57  10  2
01/28/2017  39  12  49  69  20  17  2
01/25/2017  18  62  66  68  28  22  2
01/21/2017  45  25  23  67  52  02  2
01/18/2017  41  09  58  40  53  12  2
01/14/2017  55  69  23  64  59  13  5
01/11/2017  01  16  13  43  03  24  2
01/07/2017  37  63  12  24  03  10  2
01/04/2017  17  16  42  41  29  04  3
12/31/2016  01  28  03  67  57  09  2
12/28/2016  30  23  44  58  16  04  2
12/24/2016  38  52  42  51  28  21  2
12/21/2016  25  68  40  54  33  03  5
12/17/2016  16  40  08  48  01  10  2
12/14/2016  39  18  66  37  26  15  3
12/10/2016  32  21  12  44  66  15  2
12/07/2016  49  64  48  41  53  20  2
12/03/2016  27  26  33  08  10  22  2
11/30/2016  03  45  25  14  18  07  2
11/26/2016  21  17  37  44  19  16  2
11/23/2016  07  61  41  47  32  03  2
11/19/2016  24  61  43  16  28  21  2
11/16/2016  28  61  63  41  65  07  2
11/12/2016  20  08  27  52  17  24  2
11/09/2016  28  31  54  25  01  02  2
11/05/2016  31  50  69  21  51  08  3
11/02/2016  18  54  61  13  37  05  2
10/29/2016  42  48  20  21  19  23  3
10/26/2016  48  56  02  16  03  24  2
10/22/2016  01  55  33  28  56  22  2
10/19/2016  43  63  16  38  10  23  2
10/15/2016  64  49  57  23  67  20  2
10/12/2016  34  44  30  16  37  16  2
10/08/2016  03  64  68  61  54  09  2
10/05/2016  60  29  18  27  08  15  2
10/01/2016  12  64  50  61  02  01  2
09/28/2016  30  53  62  38  52  01  3
09/24/2016  15  07  29  41  20  22  2
09/21/2016  63  67  01  69  28  17  4
09/17/2016  51  19  09  62  55  14  4
09/14/2016  10  31  23  28  11  14  2
09/10/2016  03  17  49  68  55  08  2
09/07/2016  23  55  33  22  29  21  2
09/03/2016  39  59  07  67  50  25  3
08/31/2016  10  56  24  61  05  12  2
08/27/2016  48  32  63  04  49  20  2
08/24/2016  25  11  09  65  64  16  3
08/20/2016  68  03  21  06  60  24  2
08/17/2016  44  49  33  50  52  08  3
08/13/2016  44  38  64  69  60  06  2
08/10/2016  64  56  61  23  67  12  5
08/06/2016  52  33  47  36  20  12  3
08/03/2016  66  27  11  09  67  02  3
07/30/2016  32  21  17  23  11  05  2
07/27/2016  10  47  68  65  50  24  2
07/23/2016  39  05  35  07  23  11  2
07/20/2016  06  58  66  25  35  05  2
07/16/2016  11  50  40  17  62  26  2
07/13/2016  57  15  29  03  54  10  3
07/09/2016  32  28  10  64  61  12  3
07/06/2016  66  57  02  31  24  18  3
07/02/2016  63  39  59  34  10  04  2
06/29/2016  29  37  23  64  60  06  2
06/25/2016  36  03  56  69  27  25  2
06/22/2016  14  42  43  52  40  17  3
06/18/2016  53  02  23  63  41  11  2
06/15/2016  33  04  24  31  22  10  2
06/11/2016  36  58  27  41  20  07  2
06/08/2016  37  69  12  25  60  20  3
06/04/2016  20  16  43  64  22  17  2
06/01/2016  40  69  33  23  30  12  5
05/28/2016  06  34  33  59  58  12  2
05/25/2016  64  24  59  41  11  15  3
05/21/2016  09  32  05  07  23  26  4
05/18/2016  25  67  39  23  54  11  3
05/14/2016  64  27  65  13  47  09  3
05/11/2016  69  32  52  66  20  23  3
05/07/2016  25  66  44  05  26  09  2
05/04/2016  47  69  30  66  57  03  3
04/30/2016  32  16  03  34  12  14  3
04/27/2016  25  39  64  02  33  17  2
04/23/2016  46  62  59  35  19  13  5
04/20/2016  62  30  12  25  52  08  3
04/16/2016  32  03  25  51  18  03  2
04/13/2016  30  35  38  33  64  22  3
04/09/2016  14  23  41  61  22  09  3
04/06/2016  65  28  49  60  04  25  2
04/02/2016  09  61  28  40  30  03  2
03/30/2016  55  24  63  53  44  19  2
03/26/2016  23  42  68  52  11  06  3
03/23/2016  22  15  49  05  08  25  3
03/19/2016  11  60  23  54  43  03  3
03/16/2016  46  50  12  13  10  21  3
03/12/2016  28  11  50  57  62  23  2
03/09/2016  32  34  14  23  68  03  3
03/05/2016  03  34  27  59  69  19  2
03/02/2016  62  52  13  12  44  06  2
02/27/2016  22  11  53  21  10  18  3
02/24/2016  67  21  65  31  64  05  3
02/20/2016  54  12  11  16  15  25  5
02/17/2016  29  27  07  40  17  25  2
02/13/2016  07  15  36  18  19  20  2
02/10/2016  02  62  40  50  03  05  2
02/06/2016  13  04  36  31  52  08  3
02/03/2016  26  60  67  31  28  23  3
01/30/2016  16  05  12  31  43  18  4
01/27/2016  40  52  03  67  12  21  2
01/23/2016  32  22  40  69  34  19  4
01/20/2016  44  05  39  69  47  24  5
01/16/2016  61  52  51  64  03  06  2
01/13/2016  08  27  34  04  19  10  2
01/09/2016  32  16  19  57  34  13  3
01/06/2016  47  02  63  62  11  17  3
01/02/2016  42  15  06  05  29  10  2
12/30/2015  12  61  54  38  36  22  3
12/26/2015  65  40  44  59  27  20  2
12/23/2015  67  16  63  38  55  25  4
12/19/2015  30  68  59  41  28  10  2
12/16/2015  09  42  10  55  32  06  2
12/12/2015  62  02  30  19  14  22  2
12/09/2015  16  46  10  56  07  01  2
12/05/2015  47  33  68  27  13  13  2
12/02/2015  14  18  19  64  32  09  2
11/28/2015  47  02  66  67  06  02  3
11/25/2015  53  16  69  58  29  21  2
11/21/2015  37  57  47  50  52  21  3
11/18/2015  40  17  46  69  41  06  2
11/14/2015  66  37  22  14  45  05  3
11/11/2015  26  04  32  55  64  18  3
11/07/2015  50  53  07  16  25  15  2
11/04/2015  12  02  17  20  65  17  4
10/31/2015  09  47  20  25  68  07  2
10/28/2015  56  62  54  63  04  10  2
10/24/2015  20  31  56  64  60  02  3
10/21/2015  57  32  30  42  56  11  4
10/17/2015  57  62  69  49  48  19  3
10/14/2015  20  15  31  40  29  01  2
10/10/2015  27  68  12  43  29  01  2
10/07/2015  52  40  48  18  30  09  3
