02 04 59 65 66 25
34 35 46 51 65 16
09 37 48 56 68 12
02 24 30 48 56 18
26 27 56 68 69 20
11 20 31 53 55 16
08 12 34 35 69 19
08 10 15 31 40 12
02 06 17 35 36 01
03 18 29 53 62 10
12 43 55 63 69 06
07 33 39 47 64 16
10 11 12 15 41 11
14 16 25 44 49 15
35 36 46 64 69 26
34 35 46 51 58 16
06 09 28 49 54 13
01 14 39 48 54 17
01 17 32 33 34 05
34 46 51 58 65 16
06 09 28 49 54 17
01 14 39 48 54 13
34 35 46 51 65 14
35 46 51 58 65 14
04 08 24 48 54 16 
13 24 27 34 56 05 
07 24 31 45 48 06
07 10 33 47 50 15
13 17 25 29 47 09
11 24 34 45 49 02
03 33 37 46 48 17
12 32 33 38 41 11
02 18 31 43 49 19
03 08 18 35 47 12
04 08 09 38 45 12
01 05 32 33 34 17
08 32 37 42 48 14 x2
24 27 32 48 51 16
05 18 22 45 54 19
11 36 46 47 55 07
14 31 34 46 49 08
02 21 27 28 33 09
18 22 24 31 42 14 x 3
11 19 22 45 56 16
02 12 17 19 40 04
39 42 45 52 55 20
05 13 34 37 50 24
04 13 18 43 47 03
20 26 35 55 56 23
15 17 27 34 39 18
08 09 12 38 45 23
18 23 24 31 38 06 DREAM
06 18 23 24 38 16 DREAM
05 07 08 28 36 04
06 18 23 24 38 05 DREAM
02 15 21 22 23 16 DREAM
07 22 32 34 50 04
24 34 48 50 56 13
38 40 42 52 57 24
04 34 40 41 43 01
04 14 52 64 68 21
13 17 34 37 51 17
05 09 16 34 36 01
17 21 32 43 45 03
08 12 37 58 59 09
03 05 40 45 67 08
25 30 33 46 48 24
09 19 21 32 65 11
09 23 51 56 59 17
28 36 34 29 37 10
35 36 49 52 54 23
42 60 63 65 69 10
07 25 38 45 48 09
11 14 25 63 65 15
37 28 41 24 35 17
09 13 56 28 54 12
23 47 36 40 13 02
04 17 09 31 20 26
08 41 56 61 65 16
09 41 36 49 23 21
10 12 14 42 43 24
56 12 45 50 54 04
05 18 19 23 32 25
55 39 07 17 49 05
46 24 50 23 09 11
08 53 42 51 34 02
54 43 14 23 51 12
08 14 15 21 33 25
45 13 30 16 54 12
33 09 53 35 37 07
40 52 56 58 68 18
04 05 08 10 54 26
13 21 28 46 68 16
05 09 34 43 58 03
31 43 49 51 69 09
11 19 35 47 57 17
03 16 33 34 57 26
05 13 14 15 16 19
06 24 36 38 54 09
04 05 08 10 54 26
03 11 18 46 52 04
30 37 45 55 66 10
06 07 15 31 59 06
02 07 20 26 66 12
09 17 32 34 43 21
04 21 23 47 67 12
02 36 48 56 60 03
17 51 59 60 69 12
48 41 04 23 55 24
01 13 33 34 69 20
03 10 28 35 51 13
02 21 23 24 27 18
02 03 11 13 36 16
11 27 43 44 52 07
01 09 28 29 44 02
24 29 34 40 53 06
01 04 16 26 31 08 
10 14 39 43 46 05 
14 23 43 51 54 12
08 09 23 38 45 12
25 30 36 41 44 10
08 24 29 39 55 22
01 19 32 53 59 08
03 06 12 34 48 20
05 40 41 43 44 22
34 38 43 47 50 01
11 28 35 09 27 01
02 03 13 41 51 26
03 07 17 31 50 12
11 27 43 44 52 07
06 14 26 45 61 10
03 07 40 42 48 17
06 10 21 35 50 04
09 12 21 35 39 15
23 24 28 49 51 05
27 30 41 44 46 19
07 15 24 49 50 12 Alexandra
09 12 14 36 45 15 Chriss
04 25 33 38 39 14
04 07 13 32 39 05
34 35 46 51 65 04 Jul 21 Aug31
04 34 35 51 65 14 Aug 01
04 34 35 58 65 14 Aug 15 Aug23
04 34 35 51 58 14 Aug 23
34 35 46 51 65 04 Oct 03
39 42 45 52 55 20
02 10 25 38 43 23
04 34 35 46 51 14 Nov 05
